[gd_scene load_steps=10 format=3 uid="uid://dtugkn4wain4y"]

[ext_resource type="Script" path="res://Room_3d.gd" id="1_d5ldb"]
[ext_resource type="Script" path="res://Camera3D.gd" id="2_8vsks"]
[ext_resource type="PackedScene" uid="uid://b2yi6mu3dw6gn" path="res://card_rigid_body.tscn" id="3_x3y0y"]

[sub_resource type="Curve3D" id="Curve3D_4gve7"]
bake_interval = 0.01
_data = {
"points": PackedVector3Array(0.212086, 0.431695, 0.0425093, 0, 0, 0, 0.635284, -1.17341, 1.22512, 0.544608, -1.11744, -0.0368719, -0.544608, 1.11744, 0.0368719, -1.4614, -0.672454, 2.14367, 0.464198, -1.15828, -0.54249, -0.464198, 1.15828, 0.54249, -1.06386, 0.15495, -0.0418439, 0.159007, 0.894255, -1.43578, -0.159007, -0.894255, 1.43578, 0.735809, 0.592124, -1.41984, -0.0128691, 0.606592, -0.492624, 0.0128691, -0.606592, 0.492624, 2.64318, -0.612259, -0.462107, -0.5134, -1.28849, 0.359826, 0.5134, 1.28849, -0.359826, -0.0410163, -1.22696, -0.27681, -0.156829, 0.323577, -0.176824, 0.156829, -0.323577, 0.176824, 0.947493, -0.420081, 1.17123, 0.273071, 0.0984085, -0.0828545, -0.273071, -0.0984085, 0.0828545, 0.635284, -1.17341, 1.22512),
"tilts": PackedFloat32Array(0, 0, 0, 0, 0, 0, 0, 0)
}
point_count = 8

[sub_resource type="BoxMesh" id="BoxMesh_klinb"]
size = Vector3(1, 0.05, 1)

[sub_resource type="Skin" id="Skin_64o2l"]

[sub_resource type="ConcavePolygonShape3D" id="ConcavePolygonShape3D_pv8oj"]
data = PackedVector3Array(-0.5, 0.025, 0.5, 0.5, 0.025, 0.5, -0.5, -0.025, 0.5, 0.5, 0.025, 0.5, 0.5, -0.025, 0.5, -0.5, -0.025, 0.5, 0.5, 0.025, -0.5, -0.5, 0.025, -0.5, 0.5, -0.025, -0.5, -0.5, 0.025, -0.5, -0.5, -0.025, -0.5, 0.5, -0.025, -0.5, 0.5, 0.025, 0.5, 0.5, 0.025, -0.5, 0.5, -0.025, 0.5, 0.5, 0.025, -0.5, 0.5, -0.025, -0.5, 0.5, -0.025, 0.5, -0.5, 0.025, -0.5, -0.5, 0.025, 0.5, -0.5, -0.025, -0.5, -0.5, 0.025, 0.5, -0.5, -0.025, 0.5, -0.5, -0.025, -0.5, 0.5, 0.025, 0.5, -0.5, 0.025, 0.5, 0.5, 0.025, -0.5, -0.5, 0.025, 0.5, -0.5, 0.025, -0.5, 0.5, 0.025, -0.5, -0.5, -0.025, 0.5, 0.5, -0.025, 0.5, -0.5, -0.025, -0.5, 0.5, -0.025, 0.5, 0.5, -0.025, -0.5, -0.5, -0.025, -0.5)

[sub_resource type="CylinderShape3D" id="CylinderShape3D_yo6ta"]
custom_solver_bias = 0.431
margin = 0.5
height = 0.115158
radius = 0.106031

[sub_resource type="CylinderMesh" id="CylinderMesh_4wdbj"]
top_radius = 0.0
bottom_radius = 0.1
height = 0.1

[node name="Room" type="Node3D"]
script = ExtResource("1_d5ldb")

[node name="CameraPath3D" type="Path3D" parent="."]
transform = Transform3D(1, 0, 0, 0, 1, 0, 0, 0, 1, -0.46587, 1.84719, 0.306712)
curve = SubResource("Curve3D_4gve7")

[node name="PathFollow3D" type="PathFollow3D" parent="CameraPath3D"]
unique_name_in_owner = true
transform = Transform3D(0.999964, 0, 0, 0, 0.999991, 0, 0, 0, 0.999988, 0.635284, -1.17341, 1.22512)
rotation_mode = 0
use_model_front = true

[node name="Camera3D" type="Camera3D" parent="CameraPath3D/PathFollow3D"]
transform = Transform3D(0.892967, 0.0165245, -0.449899, 0.193717, 0.887982, 0.417107, 0.406382, -0.459601, 0.789712, 0, 0, 0)
fov = 38.2696
near = 0.001
far = 200.0
script = ExtResource("2_8vsks")

[node name="PathFollow3D2" type="PathFollow3D" parent="CameraPath3D"]
transform = Transform3D(0.999964, 0, 0, 0, 0.999991, 0, 0, 0, 0.999988, 0.635284, -1.17341, 1.22512)
rotation_mode = 0
use_model_front = true

[node name="Camera3D" type="Camera3D" parent="CameraPath3D/PathFollow3D2"]
transform = Transform3D(0.892967, 0.0165245, -0.449899, 0.193717, 0.887982, 0.417107, 0.406382, -0.459601, 0.789712, 0, 0, 0)
fov = 38.2696
near = 0.001
far = 200.0

[node name="DirectionalLight3D" type="DirectionalLight3D" parent="."]
transform = Transform3D(0.999552, 0.015274, 0.0257571, -0.0295983, 0.634504, 0.772352, -0.0045461, -0.772768, 0.634672, -0.0963397, 1.5573, 1.21852)
light_energy = 1.353
shadow_enabled = true

[node name="Table" type="MeshInstance3D" parent="."]
transform = Transform3D(1, 0, 0, 0, 1, 0, 0, 0, 1, -0.0398636, 0, 0.00093329)
mesh = SubResource("BoxMesh_klinb")
skin = SubResource("Skin_64o2l")

[node name="StaticBody3D" type="StaticBody3D" parent="Table"]

[node name="CollisionShape3D" type="CollisionShape3D" parent="Table/StaticBody3D"]
shape = SubResource("ConcavePolygonShape3D_pv8oj")

[node name="ConoRigidBody3D" type="RigidBody3D" parent="."]
transform = Transform3D(1, 0, 0, 0, -0.475609, 0.879656, 0, -0.879656, -0.475609, -0.248872, 0.380063, 0)

[node name="CollisionShape3D" type="CollisionShape3D" parent="ConoRigidBody3D"]
shape = SubResource("CylinderShape3D_yo6ta")

[node name="MeshInstance3D" type="MeshInstance3D" parent="ConoRigidBody3D/CollisionShape3D"]
mesh = SubResource("CylinderMesh_4wdbj")
skeleton = NodePath("")

[node name="CardRigidBody" parent="." instance=ExtResource("3_x3y0y")]
transform = Transform3D(0.925679, 0.378309, 0, -0.378309, 0.925679, 0, 0, 0, 1, 0, 0.346922, 0)

[node name="CardRigidBody2" parent="." instance=ExtResource("3_x3y0y")]
transform = Transform3D(0.532716, -0.800467, -0.274711, 0.229749, 0.449203, -0.863384, 0.814512, 0.396824, 0.423203, 0.125542, 0.397697, 0)
